245 342 179 178 235 372 325 57  184 141 368 218 286 383 320 173 242 12  342 146 0   192 37  245 290 114 136 26  42  73  186 68  218 129 238 276 35  338 50  348 139 289 345 317 324 272 202 169 116 77  25  311 387 140 263 203 350 59  203 268 193 134 259 344 257 382 174 329 188 116 95  81  378 364 370 78  58  12  325 312 105 310 12  163 382 169 298 26  360 254 395 367 8   365 263 178 22  356 186 116
53  93  365 367 64  28  278 124 85  270 384 53  120 107 231 350 107 190 192 18  135 391 363 228 133 34  184 235 91  62  169 286 290 208 76  47  149 73  281 174 161 283 387 325 261 91  101 217 256 353 276 24  361 116 278 56  303 69  9   247 195 225 147 70  395 4   317 2   57  4   160 1   194 6   366 327 185 196 6   169 355 104 75  363 399 161 15  48  166 147 352 3   272 279 234 130 65  172 340 389
19  349 118 154 388 354 7   72  87  299 2   390 270 203 330 73  171 295 200 242 286 394 299 395 377 344 110 347 319 37  206 225 223 223 365 296 29  371 260 96  301 278 58  126 258 307 21  205 70  341 131 36  298 241 144 327 304 389 47  164 96  89  73  132 337 228 16  21  192 155 202 272 189 168 344 210 216 232 231 113 372 78  244 110 358 29  103 139 196 115 261 356 132 81  282 60  58  330 103 314
267 134 239 79  152 63  43  186 102 289 119 133 220 11  353 169 366 136 58  220 104 50  329 203 5   78  123 47  124 315 39  180 239 185 385 361 358 266 198 96  64  122 246 342 146 321 146 318 294 249 79  367 221 362 214 219 390 349 29  157 51  317 125 53  148 121 383 76  195 171 16  97  375 133 147 83  372 217 233 346 366 297 258 252 22  258 243 133 341 129 167 188 171 277 61  245 22  69  390 249
33  11  342 115 276 165 183 376 240 64  126 397 114 226 178 93  53  381 366 70  65  232 124 306 332 81  285 131 330 190 344 42  356 193 170 396 90  62  261 12  191 392 390 73  3   142 267 97  113 275 167 332 12  72  39  314 299 193 152 140 45  173 268 205 217 151 104 186 210 129 327 169 238 112 195 42  225 153 167 108 373 200 97  126 65  31  9   253 341 226 386 168 325 300 69  346 170 225 360 57 
108 363 140 242 29  82  331 317 355 68  162 348 254 267 41  284 305 342 189 183 193 296 71  235 265 223 288 89  19  147 181 355 250 212 345 198 327 144 69  350 226 244 238 25  206 69  16  128 175 170 138 71  34  114 226 62  82  151 197 63  32  6   332 61  112 312 23  162 292 75  154 170 72  48  310 70  249 90  237 110 48  154 254 99  146 36  207 21  17  105 291 76  355 160 47  353 99  237 138 331
254 152 341 99  264 259 322 28  318 346 181 324 309 86  61  166 224 205 190 139 221 39  170 394 357 299 21  257 329 164 48  130 66  34  346 263 147 109 366 297 138 180 183 68  331 394 10  5   173 331 267 191 249 132 208 151 127 194 137 172 39  10  62  245 371 339 103 151 116 213 58  327 203 26  147 323 330 344 397 61  7   92  33  109 395 304 355 289 329 321 124 203 66  85  238 389 149 155 83  159
221 209 350 165 202 354 166 140 385 392 218 49  299 169 20  354 191 210 151 303 370 323 334 266 129 207 248 296 383 389 123 193 285 213 383 34  330 195 315 174 249 59  85  166 273 164 94  174 379 50  237 65  42  175 176 124 299 232 201 300 345 171 205 89  167 359 207 372 135 58  321 277 396 268 96  182 70  234 136 182 84  373 288 5   153 336 145 253 221 77  71  238 336 110 241 84  129 48  122 114
1   295 93  106 331 381 35  157 211 295 243 299 38  188 133 134 243 214 367 189 294 309 98  244 156 77  126 215 107 260 152 313 376 168 118 55  132 248 145 317 371 389 54  122 322 66  117 159 362 177 252 163 120 99  355 20  340 362 262 134 52  201 229 205 300 33  90  224 99  51  271 362 126 16  208 259 175 303 320 130 317 395 189 40  237 215 387 359 117 111 0   287 244 224 0   205 113 316 348 186
30  153 143 299 252 268 319 142 389 381 282 24  104 41  209 374 375 0   140 38  390 68  279 120 340 299 396 44  266 91  136 152 270 196 50  289 355 250 146 28  75  186 118 277 387 164 399 320 134 344 195 136 307 15  50  324 327 9   246 35  3   216 295 216 78  190 56  355 10  5   225 174 370 11  322 328 36  238 139 175 185 301 110 142 30  278 30  333 338 115 390 179 15  324 310 118 303 337 138 25 
37  147 335 393 47  363 67  354 134 60  359 276 252 394 302 193 240 318 360 26  365 154 182 202 109 293 356 211 303 320 299 381 234 127 374 227 81  74  196 314 219 188 313 332 269 318 229 380 129 35  284 205 258 76  162 211 268 79  6   368 360 301 104 89  372 145 170 377 392 221 205 102 117 316 344 45  284 367 360 65  21  48  8   213 342 123 315 45  177 8   215 154 307 194 240 218 248 302 334 348
174 7   263 277 337 266 248 242 378 35  319 103 263 97  161 350 294 10  184 322 50  311 28  267 178 80  95  372 215 10  376 248 360 303 153 385 182 25  2   369 258 157 8   92  167 307 68  263 341 134 345 297 242 156 333 290 359 89  316 253 42  278 324 247 346 156 304 196 162 162 265 171 80  321 95  133 172 98  324 254 328 204 77  205 392 285 306 101 135 259 359 282 384 253 283 349 38  86  300 372
330 270 297 318 251 312 18  216 185 105 113 57  283 248 377 399 167 32  259 89  90  44  247 133 179 248 196 266 262 347 46  219 268 166 384 234 88  35  273 37  197 253 126 328 158 348 26  172 214 123 329 73  190 141 31  97  134 145 294 250 394 242 299 154 202 197 358 172 166 317 69  178 136 311 51  228 104 84  347 291 162 313 396 180 312 304 319 343 36  64  49  115 371 387 84  9   282 14  45  306
180 32  160 253 175 199 6   277 179 67  128 247 173 274 143 246 160 249 313 339 142 129 45  37  22  91  273 125 127 92  281 33  61  110 92  256 46  320 328 167 75  108 398 291 271 130 139 57  328 71  219 34  271 355 57  377 196 340 349 129 267 27  84  257 392 119 162 54  371 221 25  254 170 68  50  134 235 195 122 107 256 360 221 287 165 153 267 163 381 122 64  324 226 169 59  386 156 254 231 50 
308 66  215 253 156 85  44  318 305 43  289 9   47  369 241 189 304 321 51  357 164 159 14  116 244 345 233 380 88  130 216 211 131 362 158 292 110 316 313 192 245 102 134 340 297 357 42  193 324 384 82  396 274 323 220 101 256 71  378 19  327 196 207 259 357 192 276 394 115 282 203 96  356 154 118 226 341 337 299 180 123 385 310 293 68  138 396 69  78  229 301 20  161 212 48  328 267 113 57  261
380 169 78  317 244 385 274 183 7   217 152 5   56  186 116 204 21  246 136 141 110 308 304 215 312 163 2   141 334 205 200 28  312 263 113 332 4   378 293 267 208 333 382 43  13  160 312 223 63  95  376 40  70  220 234 127 31  261 112 14  103 136 36  365 187 379 243 203 91  335 291 262 212 200 275 7   84  380 87  22  198 215 237 18  109 121 52  386 319 146 171 380 307 164 253 258 47  216 244 3  
188 244 255 90  295 293 137 262 126 116 331 298 240 371 363 206 293 197 320 224 8   117 291 151 248 238 183 355 137 233 275 41  398 310 278 50  289 217 25  330 16  245 36  321 112 179 312 45  358 380 97  226 329 265 320 328 226 388 143 142 386 162 196 132 53  141 156 335 61  232 320 330 227 391 71  94  301 161 366 0   306 293 200 165 27  200 66  268 108 207 122 202 50  154 167 115 21  342 33  235
241 193 190 59  133 124 166 246 33  289 307 67  23  111 14  1   220 174 348 200 332 220 147 114 297 238 338 211 384 140 243 17  1   30  48  292 105 183 34  318 49  288 205 214 233 75  329 229 131 147 156 311 349 80  168 340 201 227 214 351 139 288 84  211 101 194 380 347 106 301 327 153 373 326 161 322 212 90  167 65  187 223 142 81  168 22  215 48  48  224 185 108 90  83  261 41  42  182 272 203
265 383 345 291 278 174 356 318 273 221 150 210 341 69  23  152 196 240 62  110 155 387 268 202 63  133 335 279 143 173 0   287 108 331 306 184 5   216 287 362 265 92  155 183 99  348 205 45  172 390 217 330 287 245 159 310 375 374 389 10  130 15  38  102 359 377 232 398 138 47  22  100 381 272 131 377 270 234 308 243 277 91  233 174 317 9   56  147 200 317 196 65  191 249 4   397 91  182 63  9  
265 377 166 91  111 230 31  199 233 291 113 6   225 221 242 270 255 108 335 284 320 242 117 199 214 306 289 143 320 325 339 265 0   33  338 195 398 26  299 188 124 306 9   159 14  34  295 170 146 40  181 165 105 150 151 302 236 123 62  18  145 24  261 320 262 45  383 19  218 300 398 240 307 187 29  315 204 325 257 332 232 142 392 380 12  388 232 136 242 53  62  261 274 205 299 367 380 344 346 123
398 173 166 138 357 157 270 373 333 51  348 109 231 179 282 181 250 258 64  111 13  381 277 312 246 81  81  265 316 354 147 88  280 84  385 258 342 70  246 178 77  165 219 255 345 255 363 226 131 274 72  326 99  237 160 365 7   135 68  111 351 22  96  9   215 98  347 217 163 137 239 332 252 91  132 86  128 184 338 43  80  370 183 287 356 308 110 364 248 284 86  337 186 88  183 223 41  84  103 377
319 160 126 395 133 36  388 200 234 263 193 248 272 292 116 292 346 110 388 154 385 37  1   346 99  36  82  215 204 276 245 145 59  3   266 179 315 2   390 215 156 284 93  316 390 322 92  169 268 288 281 224 133 153 316 313 4   324 252 314 283 85  279 35  309 34  250 254 286 316 196 81  20  51  270 340 21  178 97  272 4   334 202 289 255 4   60  183 347 6   78  46  69  152 106 265 349 22  234 367
213 30  118 251 264 127 292 70  18  202 11  168 123 247 382 42  256 203 305 144 206 44  71  124 146 191 295 330 333 1   292 247 169 371 26  32  82  392 294 355 188 91  224 109 163 52  242 103 91  249 259 292 317 0   368 179 217 37  195 99  261 176 296 304 243 235 240 58  106 35  385 45  79  79  137 199 246 334 386 336 396 317 64  20  131 114 112 22  137 157 314 48  62  78  220 105 372 68  31  218
245 154 73  185 396 225 28  289 55  36  289 258 95  335 275 146 240 112 89  157 214 117 11  77  242 99  132 188 335 231 235 81  173 384 92  185 300 201 301 319 15  20  66  363 357 201 305 196 169 37  131 190 55  184 0   369 386 152 278 338 390 173 50  267 181 233 129 116 76  247 33  398 379 353 299 212 261 45  20  158 104 5   158 53  362 181 399 156 306 242 261 87  1   67  348 277 239 129 132 223
300 86  164 294 56  383 3   26  248 37  22  51  60  27  78  59  172 370 198 123 283 229 216 228 276 156 59  228 356 22  363 34  317 80  28  134 346 156 118 85  283 90  343 123 256 51  148 212 332 92  123 276 265 0   366 59  91  383 184 293 254 174 360 186 102 4   333 395 374 332 95  88  225 324 290 281 278 386 56  278 354 320 44  149 111 68  337 380 279 243 237 262 277 35  138 111 212 25  154 222
12  23  138 378 21  93  73  27  270 210 62  304 28  324 384 165 213 127 116 183 18  184 378 222 21  255 82  353 263 256 232 2   211 344 256 123 72  222 238 341 342 353 59  347 172 93  263 273 87  314 256 147 28  346 343 277 241 0   120 318 382 289 148 158 166 330 97  169 61  287 15  200 321 83  94  269 108 1   319 2   49  199 291 130 49  84  200 125 254 295 376 217 83  64  191 36  240 348 25  309
178 189 331 348 181 191 262 117 115 34  290 359 75  192 10  136 117 136 284 257 120 376 76  48  109 37  133 173 106 232 399 121 30  333 137 230 75  259 85  259 230 118 97  109 194 230 257 373 82  264 340 290 124 239 85  224 175 398 44  170 154 173 289 121 326 330 16  183 367 2   195 234 389 392 36  185 380 351 353 399 374 54  219 241 319 248 26  25  220 206 368 89  276 152 150 197 139 387 18  396
25  227 184 303 298 154 44  211 157 115 332 179 181 54  275 263 391 239 281 287 188 88  226 381 51  36  393 256 157 238 13  176 262 398 266 152 325 360 216 73  248 285 286 358 80  286 34  19  197 169 139 177 361 331 18  102 289 277 391 210 339 293 33  146 57  399 218 144 201 343 146 156 257 131 46  13  354 147 55  305 149 288 43  33  87  343 358 229 292 275 253 37  299 275 20  212 264 108 390 163
103 146 115 241 95  271 123 121 63  89  249 371 123 53  290 61  186 31  150 197 25  353 300 79  47  141 235 82  308 36  183 90  348 263 369 378 125 66  3   45  243 223 181 68  210 255 236 389 396 325 4   387 339 117 89  170 134 374 7   82  261 377 76  239 8   346 372 57  94  341 157 282 107 314 98  32  172 374 244 319 113 298 178 147 127 227 131 173 105 353 249 156 141 224 227 99  134 235 369 127
333 364 396 173 364 107 393 256 76  384 307 43  347 77  5   52  336 66  341 111 108 197 392 181 132 126 31  68  212 110 383 393 40  43  128 180 103 250 345 221 374 139 38  139 26  300 379 297 124 297 104 24  37  188 391 142 389 369 368 312 198 92  257 199 21  352 78  340 259 366 327 9   124 291 52  336 331 88  123 80  140 146 303 157 66  259 366 86  353 201 373 243 27  197 172 363 225 272 158 297
310 40  143 341 174 154 316 356 278 394 179 14  297 50  157 353 216 240 139 63  62  185 326 51  329 21  290 242 397 249 187 243 16  348 276 151 180 287 97  203 214 307 336 106 175 263 216 318 212 159 100 122 203 48  17  34  373 359 310 322 304 25  144 36  72  381 16  367 102 220 355 179 234 121 38  221 327 297 234 2   167 111 50  362 7   110 158 159 160 283 6   225 312 340 140 24  125 109 204 74 
226 211 383 224 276 104 119 226 217 323 224 162 177 23  311 187 333 164 46  259 72  18  46  359 241 99  71  194 16  398 212 372 292 20  141 19  388 381 238 389 227 41  234 272 204 322 250 268 127 184 72  158 179 125 198 103 197 335 137 83  336 193 284 277 345 24  370 233 56  321 145 143 195 359 46  197 373 220 88  174 77  177 20  57  126 164 201 18  79  267 96  275 22  187 302 48  342 85  277 103
99  247 237 338 398 317 176 100 44  95  248 254 113 3   0   12  296 336 92  247 120 33  104 156 375 16  259 128 6   269 19  14  35  91  320 42  369 342 116 155 396 45  357 100 373 22  249 131 81  21  377 350 331 171 33  345 99  314 305 310 50  392 172 389 97  322 93  372 70  217 147 158 138 175 54  373 392 210 41  61  79  25  361 195 228 237 49  283 95  338 273 150 200 133 279 169 220 130 230 379
227 233 51  327 290 33  160 279 335 210 33  154 112 14  60  16  114 336 45  353 125 396 367 394 192 335 335 376 137 99  56  21  205 331 215 306 38  232 190 18  396 318 378 292 351 31  40  228 96  29  243 42  201 284 171 155 382 227 299 41  256 117 316 338 196 48  342 205 41  292 40  280 92  235 341 110 159 217 373 261 203 110 271 170 23  26  377 133 293 332 214 179 395 107 365 352 377 41  325 201
139 383 293 144 165 356 120 384 341 10  79  360 155 312 264 152 196 166 192 235 255 199 288 130 252 173 193 36  266 316 179 148 295 101 193 394 352 122 194 114 376 96  330 328 365 162 55  382 341 109 11  123 278 155 54  297 291 304 122 276 290 73  290 195 230 31  308 251 396 95  134 68  263 76  46  313 239 396 316 221 38  329 56  218 109 307 57  378 197 114 51  70  386 310 275 106 342 397 379 57 
269 370 22  240 81  254 272 47  392 139 116 153 133 8   133 87  387 207 271 312 9   166 53  87  130 194 252 327 106 261 57  95  78  56  303 161 26  110 321 210 298 389 330 203 342 358 149 137 285 63  202 241 296 261 73  323 158 241 291 220 189 290 294 119 231 109 111 136 24  71  315 383 359 226 18  177 388 80  45  261 372 176 382 200 286 156 99  389 380 374 27  69  54  141 198 389 186 103 67  263
129 0   395 55  70  195 309 394 272 381 326 350 269 202 89  263 394 259 303 84  64  376 184 320 33  357 134 141 369 195 81  102 112 387 269 356 187 43  191 135 378 222 143 151 25  263 377 333 209 207 71  219 311 269 233 187 176 146 142 256 366 125 272 118 184 201 60  211 37  345 100 231 240 329 364 230 287 279 38  353 309 243 230 245 115 198 283 108 130 137 54  108 120 28  53  203 256 41  162 379
324 75  375 117 279 96  341 93  372 123 323 183 272 330 272 317 47  358 394 13  40  258 137 348 319 397 172 118 298 36  306 37  15  60  227 153 249 56  48  299 77  33  321 332 108 120 393 336 233 169 98  171 133 40  103 127 89  359 159 361 330 55  267 53  332 270 310 377 297 95  237 345 289 91  121 109 195 127 280 381 291 45  245 141 311 336 56  141 284 323 11  242 294 305 3   42  308 63  23  67 
318 99  9   94  355 65  81  193 325 333 283 281 99  22  281 211 125 165 77  116 216 388 341 58  126 228 190 212 68  351 203 289 342 118 277 56  393 167 244 32  280 384 158 56  22  345 295 92  321 90  209 108 123 206 72  75  165 2   362 57  266 162 125 36  259 118 123 97  47  219 325 71  113 27  161 358 125 11  200 335 80  44  375 99  178 36  303 183 223 384 180 220 164 152 224 392 228 379 283 93 
333 168 322 39  15  354 364 302 319 111 299 323 190 192 104 296 89  312 171 155 152 326 289 82  212 391 54  306 342 188 140 257 293 326 366 383 40  171 376 330 263 210 130 75  249 165 45  234 279 268 381 338 314 200 166 132 29  155 63  34  224 335 109 273 268 262 135 242 83  74  153 128 331 385 105 110 368 381 224 282 325 164 272 394 8   233 87  286 299 262 276 201 397 123 110 77  133 323 238 137
172 194 98  86  291 292 372 84  178 93  149 279 212 63  333 84  273 199 229 210 0   112 391 8   297 338 328 277 4   341 235 227 153 129 387 53  164 279 386 164 77  238 175 244 122 239 35  374 255 93  124 103 394 32  358 59  61  57  61  330 191 353 266 177 355 124 321 292 374 151 158 76  141 296 172 288 396 314 42  164 93  98  345 194 262 331 370 147 82  10  397 324 195 192 65  55  16  190 372 21 
285 112 248 41  193 301 16  13  96  336 346 0   383 149 53  157 332 373 64  125 316 227 304 309 360 19  23  79  162 233 315 277 206 174 233 194 113 190 342 62  68  177 93  240 395 86  141 19  300 280 74  399 103 198 204 290 135 186 377 182 244 336 21  74  16  290 4   374 337 323 65  316 289 273 167 174 396 346 226 78  204 76  335 27  86  65  164 130 199 246 396 303 349 240 263 256 356 309 363 391
31  253 94  240 95  222 84  185 222 393 221 2   134 73  112 66  135 158 182 4   307 95  152 284 322 146 222 218 329 173 209 339 124 300 20  148 226 224 298 276 35  53  294 25  209 336 170 17  64  342 135 283 166 6   50  45  335 10  83  376 255 295 332 370 294 252 268 75  338 204 30  16  156 54  162 294 115 301 303 29  242 42  360 363 137 275 200 301 332 274 347 123 288 136 383 114 286 216 239 360
189 205 240 114 4   219 44  357 107 174 286 191 289 223 76  329 380 30  336 194 215 392 130 378 282 224 323 308 105 150 6   261 33  178 132 153 85  369 232 351 319 76  320 106 81  253 325 380 380 89  108 116 112 245 149 275 323 0   114 186 303 241 226 386 73  246 245 108 83  374 151 142 211 72  211 274 381 311 334 116 214 33  150 39  70  349 21  249 289 398 145 111 21  341 154 200 208 250 180 118
125 97  399 192 295 197 51  114 346 157 307 40  323 222 26  19  230 221 203 241 230 321 318 211 318 284 138 211 270 111 304 266 362 287 230 88  42  234 148 42  395 147 155 344 189 99  395 150 1   62  25  297 90  73  97  18  181 51  77  337 375 279 182 3   254 52  142 68  153 78  88  342 341 228 61  343 245 246 284 17  358 104 79  119 62  325 40  241 2   195 102 264 292 136 199 288 109 176 228 118
348 32  163 233 42  396 61  345 298 40  69  79  75  81  301 1   201 116 378 276 189 282 265 154 398 172 340 318 286 257 201 202 229 165 175 311 329 243 172 192 163 365 50  181 92  299 137 108 347 43  157 2   366 55  112 116 257 310 252 348 328 329 102 244 78  372 163 130 120 389 103 116 107 355 361 386 240 289 191 196 356 123 356 309 79  79  55  210 235 91  312 391 248 193 331 329 187 310 175 179
50  11  172 85  125 287 287 35  136 353 53  128 84  398 262 105 374 124 305 130 140 362 350 233 61  224 138 34  289 90  143 124 3   356 310 230 222 325 4   330 375 136 75  165 246 233 226 305 320 185 44  316 79  390 8   254 341 341 302 301 322 168 202 396 168 169 334 143 139 124 73  147 345 127 165 23  95  178 291 286 152 185 191 208 393 332 220 388 264 141 389 256 249 309 53  388 241 4   375 242
220 264 120 130 31  64  308 394 104 28  170 164 47  351 142 355 311 189 180 6   234 199 285 147 209 345 77  382 160 342 203 127 135 208 103 41  83  68  1   88  72  204 117 185 282 135 320 344 336 312 353 128 24  159 138 187 150 120 267 27  153 38  319 181 66  394 132 378 16  253 20  26  159 214 371 231 221 381 177 347 345 34  284 184 203 80  394 73  0   54  150 370 283 7   199 116 264 391 28  49 
268 70  109 253 130 387 309 393 343 106 151 330 65  225 340 276 368 95  0   334 273 354 228 298 156 195 343 201 194 40  385 49  313 266 338 51  97  246 304 162 344 379 198 110 57  254 233 97  380 309 303 75  11  376 231 280 331 172 78  46  169 342 145 346 96  110 236 8   322 222 338 6   101 322 144 200 19  380 76  162 206 38  335 53  147 2   399 180 60  321 90  64  310 327 40  35  152 291 69  297
25  327 313 41  372 159 26  80  200 207 234 188 179 94  76  83  10  11  289 177 91  181 100 245 134 314 337 4   18  382 135 294 26  321 211 63  30  191 174 284 67  199 159 267 34  46  216 301 187 32  87  59  145 344 79  3   331 185 355 147 218 1   311 376 107 142 164 336 344 340 226 340 395 282 276 222 364 359 86  311 316 358 359 44  105 226 218 273 182 184 184 253 307 228 272 334 48  289 110 369
190 229 298 75  194 57  246 284 34  267 65  371 274 256 230 341 139 252 92  22  55  237 144 167 181 41  11  266 131 3   221 17  145 179 178 87  24  234 288 178 352 168 180 390 316 116 362 128 367 260 361 356 395 100 127 244 271 34  358 96  267 78  358 80  16  325 340 59  210 329 226 75  258 292 127 302 356 176 344 161 66  217 69  268 331 172 274 270 225 29  296 391 195 138 272 120 273 374 6   241
276 100 98  273 205 266 219 110 220 197 169 143 257 209 58  155 70  347 85  272 348 14  362 302 357 297 87  30  241 229 349 202 217 392 106 11  174 236 238 165 384 151 268 89  51  30  300 353 125 92  221 377 319 23  298 218 137 97  300 45  147 51  23  116 279 111 41  31  266 25  114 225 176 143 32  37  182 194 170 306 320 387 35  88  314 117 382 152 342 203 239 191 184 110 7   14  112 248 245 383
340 181 138 266 239 232 116 99  258 283 344 335 215 378 362 39  32  380 46  66  357 314 175 345 103 292 59  147 226 351 100 396 32  54  317 288 368 74  279 44  317 33  75  290 131 2   111 112 117 10  242 226 289 56  314 76  220 288 274 315 385 374 141 233 25  201 342 186 17  22  10  14  313 180 96  85  36  72  394 161 213 324 148 323 211 376 261 294 108 35  144 174 377 52  172 40  63  203 31  133
330 57  219 178 358 192 295 35  272 18  145 11  76  221 194 36  369 19  363 187 65  99  207 338 76  127 64  113 175 93  341 136 164 110 302 38  97  158 357 199 56  90  13  69  142 150 278 249 206 120 64  27  382 91  235 273 326 257 297 222 15  275 122 157 293 371 352 331 12  314 126 238 150 330 233 217 116 145 160 246 345 41  275 347 215 92  52  182 353 358 350 57  294 244 144 114 34  137 304 354
255 109 367 17  294 135 209 73  66  83  377 289 132 20  148 191 328 22  193 397 52  196 136 202 58  316 393 122 253 76  111 175 319 97  62  6   180 58  338 129 167 329 15  232 391 323 119 285 327 312 334 82  57  333 377 21  226 159 362 110 216 198 60  385 267 56  155 43  133 210 152 271 12  29  76  198 290 135 187 340 352 245 377 137 378 232 59  260 194 106 344 58  375 388 100 16  293 244 90  373
210 67  324 228 18  208 125 334 177 133 262 183 242 28  387 274 151 149 313 87  341 295 233 317 352 161 331 179 355 185 217 228 106 173 142 244 292 146 181 233 285 233 323 315 33  58  291 55  175 55  139 282 184 374 49  349 350 275 210 343 220 344 189 298 59  73  107 143 312 282 51  339 80  116 47  193 392 231 343 333 367 170 104 235 239 137 42  15  231 293 75  230 142 299 38  234 353 302 199 194
332 325 226 273 56  247 85  203 267 161 7   225 188 89  336 38  249 337 182 376 81  64  48  365 210 58  306 148 179 28  324 87  259 336 17  260 166 350 111 169 352 148 48  25  325 246 379 153 199 219 84  394 88  59  277 10  128 42  392 93  323 99  76  65  187 239 165 266 135 389 89  28  43  348 176 244 212 241 382 38  114 120 278 118 91  34  239 343 64  97  44  148 353 37  169 289 268 344 312 281
99  15  226 355 138 387 4   227 138 166 380 193 90  100 126 141 1   266 330 134 52  12  104 175 367 96  359 282 92  399 203 153 124 279 293 282 334 118 168 297 356 369 37  387 161 122 8   399 28  140 385 143 331 313 28  104 349 174 73  327 108 44  353 198 267 389 336 61  229 391 359 237 286 277 338 227 323 184 239 301 116 306 155 192 102 319 14  169 151 49  121 109 265 15  163 349 106 178 137 363
346 161 271 269 256 34  355 329 245 91  242 322 354 48  123 152 78  67  46  89  139 138 150 97  163 328 160 234 301 393 381 35  63  339 220 3   130 245 218 97  93  179 125 163 299 367 61  240 216 382 244 339 61  342 96  97  264 326 194 272 331 388 35  398 335 96  355 336 41  144 316 39  315 304 9   16  126 275 82  120 26  254 302 161 217 184 213 126 178 140 370 275 235 218 61  214 250 238 163 114
83  372 149 337 337 209 365 273 331 201 274 326 51  189 14  369 351 248 367 235 137 52  12  261 193 33  118 242 350 238 380 287 36  110 286 254 382 382 1   19  76  235 261 90  53  134 300 92  22  94  200 279 308 381 341 41  80  12  122 131 240 327 343 380 373 121 199 74  145 36  32  9   3   193 168 94  302 330 317 203 192 220 15  284 165 271 9   90  372 188 272 120 359 268 125 286 170 398 90  82 
316 179 252 388 127 357 257 2   243 109 64  350 369 246 75  28  6   258 62  124 188 296 84  328 265 177 48  43  62  43  319 317 325 91  40  374 144 362 143 328 149 325 354 178 235 302 48  4   279 212 334 10  123 398 392 58  184 260 234 23  115 70  61  337 134 333 158 74  204 330 394 179 216 157 156 338 144 342 181 126 292 272 22  388 295 121 330 386 140 152 45  276 192 284 291 294 57  13  196 186
77  147 132 21  287 117 174 205 19  61  309 361 57  215 332 90  34  328 215 308 46  316 210 160 272 241 1   109 185 56  136 221 178 102 4   328 48  262 219 305 198 127 126 392 219 83  387 252 9   85  205 71  228 349 83  57  373 195 114 247 144 318 335 191 147 378 15  8   363 187 78  384 191 138 180 274 132 1   185 136 82  120 14  154 294 45  322 206 40  73  64  389 66  108 136 202 236 375 144 103
129 360 130 188 176 359 25  242 306 324 60  154 353 318 222 152 171 153 302 270 282 117 306 61  284 201 163 47  138 112 162 260 79  243 178 345 314 203 23  164 95  66  75  176 226 22  370 18  109 389 289 205 156 101 35  166 103 284 392 214 188 20  179 367 75  141 229 223 135 239 154 211 380 60  333 29  194 77  71  229 58  238 197 78  226 376 62  21  80  72  305 280 28  127 161 158 205 47  202 236
339 322 183 322 260 340 104 191 109 251 8   327 348 355 150 125 371 349 262 247 94  217 230 389 203 72  296 52  236 373 83  132 215 315 80  146 61  136 205 202 82  315 0   105 350 327 375 115 33  45  54  123 379 94  280 377 68  267 387 2   44  232 263 255 283 145 165 156 264 126 395 319 330 383 23  218 232 274 118 318 84  381 52  163 181 81  393 82  150 367 234 19  42  243 240 111 357 339 346 192
24  313 174 238 398 33  317 280 387 3   290 76  325 56  142 270 241 350 91  272 348 173 194 274 157 208 314 275 286 157 51  119 243 324 390 260 387 249 312 48  299 196 36  70  216 89  286 45  9   111 141 98  122 141 353 71  262 367 365 348 387 255 230 183 7   120 11  108 283 302 163 332 185 144 379 302 270 122 322 143 158 222 245 305 140 387 189 203 63  122 303 257 399 189 131 99  371 37  212 101
193 91  347 53  341 96  186 89  371 9   230 319 66  288 78  188 221 126 4   131 27  173 345 338 129 28  2   175 263 158 265 9   189 314 16  95  71  371 78  97  122 54  239 158 216 189 91  29  11  134 156 386 364 362 47  153 161 131 382 235 382 44  190 184 275 355 197 199 175 63  310 375 364 215 249 83  159 376 323 322 40  293 281 124 155 315 110 398 299 52  22  324 323 85  277 185 185 125 311 135
129 327 99  30  272 317 150 279 393 130 300 393 347 324 172 282 333 185 181 77  366 352 294 325 347 50  296 319 210 134 387 374 251 212 293 184 209 326 96  287 118 347 285 142 367 53  138 68  290 310 306 206 211 328 222 241 172 153 322 195 26  73  329 51  101 56  285 226 300 70  188 65  358 94  131 345 116 260 148 203 163 107 304 33  5   320 359 111 133 289 164 159 53  279 31  82  92  396 316 165
269 11  297 25  373 23  18  370 118 197 331 139 216 265 176 49  162 292 79  367 151 237 305 133 98  324 294 356 201 1   377 355 117 176 41  359 290 291 298 373 160 308 102 304 245 32  159 90  160 276 62  345 134 180 275 113 2   1   374 2   79  232 62  31  159 6   319 78  269 187 46  279 32  316 273 83  154 18  330 396 318 124 191 239 175 250 193 288 325 343 310 348 22  268 202 138 37  376 6   228
207 112 197 65  47  143 316 389 259 254 147 359 318 358 343 256 395 89  177 73  6   130 109 220 191 311 301 257 342 295 279 317 302 50  57  9   54  119 196 346 73  283 166 372 131 375 92  69  187 264 60  200 18  168 45  61  289 20  100 49  98  223 18  239 48  47  224 311 363 9   47  320 247 321 271 87  246 24  55  381 137 399 111 165 286 208 273 93  183 344 32  137 343 359 199 188 34  234 388 122
332 66  30  310 372 366 379 322 56  96  88  305 135 184 333 248 299 364 302 370 168 393 170 182 218 277 273 378 53  183 24  110 167 272 230 269 293 266 69  230 25  283 245 386 28  350 323 16  301 156 282 291 199 203 72  239 183 336 55  33  219 44  333 12  295 246 312 45  1   254 368 267 212 298 56  161 317 230 386 343 106 378 240 305 310 398 230 217 331 164 125 209 21  27  16  360 1   157 318 166
61  183 361 24  307 304 78  290 145 175 112 176 398 264 351 226 221 13  143 60  84  359 275 41  159 154 354 198 328 236 365 243 195 79  215 137 140 21  392 225 306 139 368 78  87  34  305 199 333 345 348 25  122 234 394 215 156 313 314 110 333 109 39  139 106 15  220 10  236 32  259 166 378 246 270 195 116 284 269 189 355 345 13  339 259 209 230 83  194 102 52  352 284 126 150 215 142 346 51  85 
179 234 316 141 124 394 308 31  362 382 4   208 390 392 346 353 221 336 269 23  4   161 370 356 71  93  314 334 113 124 201 346 264 346 142 272 17  229 68  150 194 313 141 326 269 183 228 88  393 160 79  161 218 390 156 152 317 130 388 337 129 32  81  218 236 1   254 73  317 130 107 85  393 374 239 331 343 381 389 4   253 159 259 92  370 213 49  305 196 230 331 396 332 184 19  114 203 285 161 262
310 74  125 23  28  262 123 286 237 115 190 204 39  392 171 185 26  250 324 287 330 113 99  86  135 82  387 218 51  382 236 12  136 211 364 253 378 105 88  188 240 226 334 27  1   187 260 197 378 122 344 330 255 336 223 60  333 136 61  384 313 242 17  278 21  91  383 47  89  353 135 295 246 293 126 281 105 60  315 8   285 373 245 133 159 191 145 195 281 158 57  381 253 327 226 57  349 398 39  163
242 379 67  94  302 338 92  60  325 294 52  245 18  14  195 51  363 266 387 233 13  255 73  163 246 37  260 311 23  306 353 65  102 98  172 8   348 367 72  152 226 106 99  107 54  233 196 291 154 186 281 334 271 230 338 122 232 67  43  202 160 387 51  10  34  18  66  294 102 333 147 335 350 291 105 238 237 246 259 12  356 299 288 393 178 328 304 310 147 177 133 173 7   262 318 373 69  31  334 353
286 22  77  110 1   142 304 94  3   38  109 246 263 346 280 63  195 251 148 353 246 130 246 106 205 372 258 124 390 217 368 139 212 89  305 122 163 90  66  384 105 89  381 63  383 103 345 156 387 326 198 140 317 327 192 270 378 258 84  359 261 394 162 393 196 388 81  164 346 376 184 130 18  40  379 38  40  118 159 225 64  223 185 7   352 290 1   224 315 298 344 296 126 41  355 32  8   321 250 278
157 84  139 351 131 83  230 135 51  185 92  363 233 127 375 239 168 249 331 56  171 49  350 3   15  14  340 332 389 32  76  359 79  11  10  41  366 331 362 30  197 132 150 341 92  22  344 265 256 15  276 64  83  16  273 171 167 189 361 57  238 118 13  328 163 275 370 239 285 274 376 159 181 353 129 107 101 347 197 337 357 212 6   27  51  169 266 214 371 21  333 163 145 148 119 142 271 173 351 101
272 21  122 328 58  301 82  334 49  74  388 18  277 347 235 288 383 127 359 130 279 111 273 317 345 131 22  114 344 390 32  176 225 101 125 102 40  164 342 227 258 185 384 373 296 207 398 131 286 312 270 231 174 100 371 361 210 236 342 137 126 285 276 103 40  364 35  285 263 31  4   242 369 179 186 336 259 88  380 70  206 283 207 330 221 220 194 275 17  275 221 150 88  292 252 247 328 263 8   392
154 373 147 215 186 396 271 269 287 332 230 184 133 357 208 211 313 350 39  176 355 32  173 61  343 227 104 152 108 4   19  391 130 174 140 110 20  76  86  247 137 244 160 108 47  10  399 384 267 159 393 65  148 390 71  46  28  62  372 115 116 21  327 188 59  332 210 38  319 110 29  157 133 342 371 356 193 45  206 130 268 187 3   318 253 57  139 191 344 69  358 154 398 384 112 157 188 275 112 271
302 316 49  338 161 332 178 5   81  289 99  204 32  119 18  20  289 160 151 4   125 108 334 355 271 162 362 138 2   136 112 150 89  122 255 99  137 380 25  251 364 362 156 385 14  83  38  67  353 87  295 271 190 167 93  351 31  177 385 176 330 294 198 294 205 91  358 104 188 393 0   97  298 107 160 51  151 64  257 184 236 224 55  310 270 27  237 198 28  94  199 177 337 219 270 220 18  137 280 16 
269 125 97  89  349 339 93  385 298 175 99  348 193 77  119 178 357 248 123 83  306 398 347 242 359 386 391 227 227 19  209 118 233 371 330 129 275 274 26  226 301 177 365 367 81  58  159 276 348 265 295 329 386 378 234 352 370 147 344 319 362 118 244 238 185 384 245 347 161 119 333 115 67  17  383 339 337 53  16  186 228 6   276 359 260 105 22  103 40  150 255 229 154 371 364 59  162 305 111 24 
98  26  202 89  212 44  256 247 325 88  360 265 240 398 325 188 86  338 274 173 90  275 186 361 188 94  263 188 204 171 137 344 17  313 48  298 16  78  259 110 295 162 203 16  36  26  380 363 348 13  60  390 73  142 58  118 35  113 114 221 301 103 54  46  83  125 99  236 24  151 261 173 157 125 214 60  382 300 112 45  382 38  316 256 157 293 311 84  181 258 138 347 113 159 68  224 197 376 29  153
211 281 216 82  205 84  69  272 369 0   40  221 0   282 202 356 103 303 146 228 135 159 336 297 134 150 306 298 302 38  32  314 376 90  208 354 170 65  40  239 58  209 221 286 185 218 319 248 93  143 160 64  230 140 16  45  208 37  182 359 325 159 387 99  276 312 345 247 269 137 61  163 8   205 105 75  341 115 215 301 271 56  162 140 310 242 353 303 259 374 141 355 81  102 339 349 314 337 119 7  
290 388 180 158 110 393 20  144 255 232 193 81  243 10  214 74  284 88  227 186 377 205 394 12  373 176 381 274 51  206 282 347 176 394 204 231 139 301 11  381 201 288 64  140 182 177 373 189 376 276 67  257 88  96  315 358 169 308 7   180 150 139 119 46  168 246 353 39  53  234 270 320 212 385 267 210 357 65  291 254 20  291 240 365 398 16  237 47  378 96  137 19  389 399 370 217 78  155 287 325
123 7   372 305 7   230 284 325 153 115 147 247 12  216 252 337 11  277 205 101 144 392 172 267 222 212 54  184 216 4   265 207 199 320 175 165 155 313 95  356 205 393 159 44  381 356 37  334 365 380 385 5   327 238 301 302 266 102 86  118 218 19  184 265 99  381 3   317 270 90  312 111 5   328 332 94  264 186 110 310 196 315 367 96  91  90  125 290 222 295 308 11  392 156 98  171 136 74  376 110
78  45  242 115 106 222 270 126 372 207 21  236 139 125 180 101 149 146 393 120 323 84  24  10  13  149 265 175 349 361 366 344 346 118 27  151 174 192 175 161 115 167 33  1   64  74  279 121 382 159 345 319 113 73  327 393 346 179 193 40  30  261 85  136 155 58  8   171 203 358 317 222 317 11  207 101 280 384 224 396 293 9   207 319 237 285 49  153 177 110 181 362 75  245 367 247 257 62  185 245
74  12  4   216 88  105 338 170 195 257 274 83  44  301 286 169 334 205 315 348 211 398 180 383 84  126 227 125 392 182 32  397 3   388 348 173 225 386 325 33  24  189 328 286 22  13  340 226 286 62  56  239 76  130 339 276 170 146 24  55  346 253 42  220 343 193 148 66  173 10  60  300 199 191 113 285 1   332 208 33  396 383 246 253 70  199 169 91  212 106 229 326 38  108 156 158 270 286 220 214
284 33  361 179 206 138 213 315 377 238 10  170 237 333 253 256 368 234 121 295 244 256 133 287 54  77  244 2   266 292 384 248 57  273 186 163 70  176 333 355 62  240 263 116 237 121 333 157 122 315 41  329 292 343 330 248 261 241 348 76  286 370 236 187 299 233 389 368 168 220 104 134 113 181 219 370 291 25  15  311 386 287 307 196 127 355 375 107 190 222 183 302 52  141 212 97  247 109 326 15 
56  35  304 394 159 238 183 25  34  120 257 272 262 87  285 86  331 109 321 16  307 215 297 5   364 150 115 130 335 106 280 227 341 301 233 210 296 99  40  292 8   45  374 89  160 126 290 154 357 394 106 394 107 187 119 83  221 280 305 25  129 380 365 102 341 92  68  107 88  101 95  143 260 33  317 137 145 298 35  356 105 250 294 175 296 18  59  103 10  319 241 163 309 288 252 394 270 146 55  5  
77  91  49  128 281 269 250 16  89  14  147 356 183 69  87  151 242 343 34  254 144 259 336 245 73  288 188 0   81  333 393 190 121 307 343 304 45  116 126 295 381 332 129 370 225 214 336 27  100 253 353 43  168 241 208 213 127 349 283 80  260 14  398 364 146 2   370 314 293 33  41  85  225 175 86  224 57  9   3   143 202 352 336 149 381 14  14  82  381 58  91  300 93  142 130 209 307 168 260 315
261 332 100 9   111 183 2   162 144 25  129 341 95  223 172 75  56  12  88  0   89  318 285 176 187 101 112 139 162 201 97  23  322 372 124 206 367 233 29  154 7   41  44  140 287 222 270 372 374 64  194 283 0   36  260 26  36  180 112 337 293 122 370 395 126 299 343 361 41  329 188 2   216 23  200 115 232 157 168 388 223 373 190 61  398 234 123 192 10  266 32  353 74  336 174 123 270 314 43  107
121 278 299 226 307 94  133 394 78  267 278 111 234 49  287 27  68  257 139 57  396 274 375 354 386 120 188 123 154 91  61  270 189 256 292 34  70  17  200 357 269 389 33  385 139 290 235 220 169 267 224 107 126 241 287 361 293 92  187 49  332 134 234 15  72  147 37  234 157 158 25  24  41  307 280 342 138 148 86  242 35  224 314 222 62  25  28  140 194 118 290 156 115 379 59  33  17  75  66  274
349 320 328 16  310 125 360 301 175 393 72  83  27  154 379 64  14  133 84  382 245 304 21  321 83  176 220 212 304 166 306 255 142 3   367 109 127 281 211 343 346 85  294 76  151 322 131 84  172 191 341 307 35  4   172 271 177 31  47  14  318 334 55  9   376 309 340 39  56  82  20  35  316 280 185 333 62  316 11  305 185 235 190 264 87  190 243 74  109 362 315 14  31  219 156 362 165 27  105 245
358 37  106 298 139 26  241 48  67  349 129 166 167 94  238 196 158 45  276 253 358 271 195 232 173 19  244 149 111 104 64  135 56  231 308 388 138 91  95  286 96  263 327 375 379 80  52  318 126 187 245 242 388 271 0   353 307 182 196 8   0   150 81  55  59  290 37  246 148 273 304 142 129 316 143 91  62  65  232 263 370 191 235 131 156 194 369 131 29  269 367 250 304 124 76  310 216 13  131 253
138 353 58  325 317 365 80  112 352 83  84  213 83  259 178 377 301 249 210 2   223 60  88  155 166 25  46  84  320 242 206 122 77  336 372 272 262 13  307 368 359 302 290 90  147 82  30  246 354 78  262 56  35  221 344 257 197 61  136 208 225 155 204 17  72  107 226 146 319 75  255 377 315 80  333 221 339 240 53  96  200 34  182 55  197 80  217 346 307 109 274 173 314 349 252 127 216 146 132 66 
71  382 213 288 165 161 7   237 386 339 245 148 258 87  36  380 265 122 84  46  347 221 228 131 352 40  390 346 249 0   352 115 55  283 399 16  126 204 251 37  203 7   370 270 99  48  68  210 232 330 380 168 322 111 120 388 278 170 24  280 26  277 296 148 215 86  161 222 39  287 29  6   62  46  297 287 34  310 114 52  18  368 163 125 369 92  383 259 395 148 358 110 57  138 228 95  293 24  174 124
303 328 189 235 243 348 31  9   375 24  139 209 148 180 85  341 335 238 132 230 295 91  47  35  103 233 294 185 193 167 46  65  30  316 230 382 367 135 124 120 241 347 99  107 288 200 86  220 290 232 240 273 310 244 250 46  75  11  78  17  153 43  369 280 36  290 332 182 15  11  303 40  93  315 297 112 191 350 390 293 355 160 398 84  372 240 236 273 41  299 111 147 278 167 118 386 112 19  342 270
20  223 205 30  380 378 342 181 156 9   33  142 173 0   189 144 225 38  345 9   235 45  314 338 147 125 224 19  54  27  115 223 51  95  77  57  359 373 140 268 206 270 302 202 321 395 292 138 371 358 167 30  83  49  98  277 294 275 384 38  164 12  203 160 5   61  190 241 219 393 267 383 357 34  159 358 58  21  109 305 240 46  126 272 345 275 274 277 132 78  294 15  11  386 337 178 111 219 159 345
124 256 99  296 167 175 267 89  209 117 76  79  203 259 64  168 142 225 298 152 83  249 163 323 255 251 251 46  329 115 345 314 23  174 223 28  272 179 15  51  178 272 262 234 105 137 327 392 220 217 156 273 368 388 159 37  241 138 371 54  199 23  145 350 124 203 248 125 172 148 134 283 306 132 247 168 11  333 279 210 375 164 205 57  159 235 172 393 160 283 46  387 283 75  389 88  37  297 334 265
148 255 370 46  141 3   113 113 190 179 58  254 287 313 36  84  343 156 247 224 318 122 243 353 102 157 358 57  25  57  326 178 221 373 32  70  88  61  30  0   108 89  324 77  46  73  338 150 301 332 92  356 275 250 175 52  166 379 117 137 331 275 166 27  145 396 106 263 148 131 319 230 43  162 214 227 241 361 57  132 225 327 251 2   169 234 339 37  107 351 4   36  203 292 282 115 27  1   3   378
182 357 108 73  393 323 259 68  44  191 17  248 75  146 369 252 114 115 332 20  282 285 217 50  292 173 54  194 49  219 281 36  47  43  293 380 271 365 231 265 44  65  339 87  118 16  373 140 25  29  280 219 105 112 208 302 31  321 87  318 289 354 299 62  267 102 363 306 6   3   163 214 382 295 15  361 29  334 342 262 296 326 202 52  98  277 252 371 117 366 372 95  95  393 295 169 329 229 258 259
