260 134 371 116 120 309 268 124 321 348 329 297 111 185 329 301 287 239 64  343 44  334 167 151 388 155 294 272 93  209 50  170 9   190 36  205 103 258 154 102 179 192 327 129 158 46  8   65  223 104 225 50  56  31  97  56  344 226 124 101 391 181 273 143 13  158 226 93  23  78  94  111 144 208 25  38  13  325 240 334 139 15  86  349 80  215 392 36  27  329 351 371 385 235 234 289 358 99  371 151
223 262 123 323 395 155 130 233 90  49  45  387 295 182 308 120 139 73  64  368 160 236 222 336 88  155 124 42  91  136 22  21  87  101 303 215 335 164 4   309 279 114 12  184 177 119 339 339 273 272 355 8   321 196 171 274 20  232 329 342 194 329 46  332 85  150 72  115 124 148 355 290 215 347 285 38  82  46  232 151 108 127 29  7   63  226 193 224 91  187 140 188 82  21  287 237 17  384 211 217
214 96  225 17  242 284 181 296 42  314 33  140 200 137 115 388 362 50  28  125 185 270 271 141 117 181 4   84  240 78  352 48  133 298 7   111 133 393 83  92  119 367 59  42  54  313 115 39  207 185 176 170 127 112 88  210 194 240 384 329 110 171 375 321 191 318 292 235 280 89  193 176 375 47  329 258 46  131 24  394 130 392 222 108 366 360 149 279 119 141 338 31  201 364 3   22  228 268 117 315
285 321 387 110 168 226 238 180 369 370 199 146 371 273 206 149 264 108 133 95  77  179 127 255 204 283 30  24  398 187 8   392 15  139 116 34  300 251 231 393 336 78  86  370 194 87  286 2   198 393 140 225 117 285 395 166 170 33  371 196 233 124 197 312 150 294 242 344 72  193 215 21  113 247 300 168 162 350 29  169 77  12  111 144 96  396 40  383 82  188 345 281 159 396 223 153 161 348 185 99 
54  332 362 98  93  338 0   57  176 31  63  376 196 42  358 224 156 51  197 25  164 250 206 287 270 210 52  145 317 18  218 254 65  345 218 196 207 273 132 273 37  174 28  143 384 212 176 243 281 113 160 212 16  156 197 116 118 208 295 111 252 13  72  318 331 1   136 366 177 48  165 230 79  110 284 197 3   135 362 10  156 223 246 138 196 293 22  330 275 288 115 343 128 368 396 149 63  159 396 7  
38  294 338 89  62  280 326 322 272 269 67  98  297 227 372 213 73  178 48  73  63  388 291 200 133 28  136 193 33  155 329 331 77  295 264 103 281 354 274 88  236 258 145 121 174 367 331 310 168 279 234 316 268 46  148 294 333 236 365 326 0   144 269 12  188 293 26  259 284 111 395 22  393 137 8   381 318 95  29  297 221 174 105 172 264 206 137 7   373 398 131 169 94  66  239 33  235 306 47  80 
57  135 72  31  10  245 162 1   193 130 11  234 229 171 107 231 128 132 199 232 6   301 362 353 332 239 121 156 33  259 328 243 370 195 46  113 185 37  277 323 270 192 161 53  162 137 188 315 263 248 368 354 91  288 364 154 5   144 83  11  38  28  295 321 264 16  315 153 378 283 193 390 245 12  133 318 264 351 85  126 189 90  267 353 349 256 253 287 110 85  255 275 7   90  315 320 342 49  31  131
17  220 279 66  91  129 278 58  110 183 237 19  255 43  266 203 350 339 316 244 376 259 99  369 52  86  90  1   314 351 47  130 168 80  359 148 83  219 59  75  394 174 62  9   2   319 308 332 130 90  131 336 139 321 50  263 12  199 152 70  20  218 265 267 47  153 42  22  315 250 189 99  118 131 18  211 228 255 150 338 223 353 122 295 176 102 189 374 332 9   363 50  353 364 312 196 294 313 162 32 
367 266 23  25  316 31  395 111 374 94  254 190 58  278 169 329 38  332 281 399 206 244 331 295 53  387 251 136 156 90  201 259 211 399 253 353 171 205 137 395 171 167 340 61  73  30  243 245 227 263 249 383 204 343 171 224 267 262 360 295 50  7   368 397 237 333 113 191 125 399 128 166 63  162 325 229 161 35  131 240 131 150 186 228 214 20  132 298 316 185 358 74  100 31  102 124 106 139 229 267
196 324 342 90  187 384 42  134 124 351 12  249 216 104 90  175 121 351 269 319 338 398 50  358 198 301 273 152 261 250 182 102 282 249 230 299 321 151 72  25  112 66  86  51  143 251 52  269 151 311 292 245 103 317 341 210 120 3   100 227 191 292 150 177 362 13  87  47  68  211 164 386 350 221 66  349 159 10  385 75  104 52  75  286 44  293 93  295 251 342 180 383 56  233 30  288 287 15  395 333
219 281 238 317 234 286 152 87  80  270 0   394 152 364 121 394 209 159 233 298 372 253 28  252 51  242 32  178 95  96  241 262 85  35  246 146 160 249 145 267 398 57  256 25  321 188 132 101 191 337 245 242 123 63  367 14  137 318 49  106 98  315 43  183 136 86  306 331 211 88  181 197 280 58  131 322 221 206 383 237 314 23  399 160 265 72  226 228 223 204 175 123 51  377 29  207 19  149 304 212
60  175 317 227 14  374 288 68  315 174 132 97  118 294 150 26  362 285 372 178 36  118 290 17  64  147 300 153 85  110 278 36  212 127 10  128 363 377 74  101 144 189 170 161 386 92  107 67  120 390 300 91  194 135 178 357 79  297 380 263 260 62  313 272 106 67  369 115 389 69  151 90  390 116 86  350 202 190 40  34  230 276 287 162 156 159 105 328 225 262 42  189 162 87  159 355 333 320 398 220
273 150 322 243 276 303 326 115 150 186 156 168 238 111 79  216 131 178 328 145 180 5   10  72  55  325 57  39  37  225 385 229 20  109 280 284 38  330 207 162 103 380 157 325 331 372 156 37  30  391 268 15  147 82  114 330 152 130 225 329 224 62  146 263 336 186 221 212 287 194 74  62  42  31  276 3   119 313 244 280 171 124 146 203 257 225 132 261 262 261 216 345 95  278 160 27  263 191 215 206
348 349 88  227 40  29  211 168 25  242 220 168 238 192 158 255 152 291 125 99  307 81  220 258 47  72  74  49  325 371 260 128 20  70  374 342 221 293 374 372 375 88  376 262 87  178 157 247 111 339 305 246 219 26  328 326 159 246 159 55  104 8   289 153 265 170 276 240 237 161 96  65  81  265 210 211 79  152 326 66  79  112 14  139 256 291 266 319 200 137 26  311 82  221 344 54  239 51  291 48 
88  347 106 265 199 94  48  202 296 240 246 70  57  366 192 121 361 179 41  180 131 89  102 65  171 178 281 198 391 174 11  154 132 259 305 176 207 258 78  285 304 359 339 109 162 248 326 190 268 69  153 78  99  281 387 260 347 177 210 283 28  278 299 138 203 327 284 163 40  215 187 160 396 348 388 37  33  341 233 88  204 279 192 216 93  187 313 311 22  55  291 90  111 171 101 41  274 373 296 358
127 357 336 181 242 67  22  2   302 295 394 66  181 245 139 66  338 231 191 117 242 96  35  277 390 335 307 199 308 136 274 10  377 398 41  63  286 53  381 296 393 210 306 298 310 28  216 381 168 140 312 205 281 103 122 187 130 93  131 31  203 297 276 117 258 74  101 263 251 217 246 240 398 219 69  107 161 217 183 14  68  29  385 60  285 70  1   228 242 379 77  244 55  160 284 227 293 43  114 135
149 250 290 57  123 208 387 216 25  186 67  283 150 396 283 192 99  395 93  152 69  175 124 174 117 273 242 289 8   140 134 18  358 119 322 28  167 211 236 52  16  399 376 297 0   70  328 35  165 40  303 218 124 243 30  333 87  149 271 289 280 41  267 46  124 89  363 388 33  152 111 224 376 140 383 180 274 186 257 30  393 25  13  224 45  347 236 164 147 34  334 47  96  177 276 89  273 66  152 7  
167 129 259 109 293 382 361 126 190 241 271 125 77  16  362 40  109 159 359 150 222 61  73  395 326 315 23  336 40  49  357 249 161 81  371 315 195 232 206 341 133 186 187 66  56  224 97  223 232 245 258 268 306 337 9   159 323 144 220 332 81  265 223 56  68  16  346 225 104 44  211 309 211 167 188 18  248 6   338 312 32  269 49  281 192 38  205 202 378 306 1   251 7   356 235 251 25  216 280 17 
254 333 67  276 70  61  62  225 19  204 40  313 108 330 228 86  128 226 47  392 390 226 237 51  285 122 59  285 95  163 73  94  139 2   274 234 353 177 237 62  388 285 329 20  306 290 193 362 131 104 149 151 344 340 236 167 42  135 203 178 12  306 326 395 396 177 209 134 250 365 194 58  63  324 198 90  166 44  319 359 200 281 137 124 377 175 170 295 123 178 98  220 48  159 213 25  83  350 148 38 
348 105 91  327 367 369 103 371 254 65  170 286 362 356 219 276 264 56  355 86  100 399 178 326 16  317 130 314 26  245 286 288 269 129 42  140 356 382 226 366 394 84  332 268 354 279 239 367 290 240 102 140 188 10  336 124 385 158 42  194 7   377 329 156 158 43  312 390 101 133 213 132 237 340 367 186 248 63  397 304 73  380 70  259 375 110 203 217 341 230 32  209 314 395 136 327 230 201 17  392
291 69  136 227 389 365 339 193 369 147 338 265 249 389 98  99  10  85  281 383 320 99  385 73  369 95  252 50  297 265 48  294 262 187 246 334 108 323 390 340 322 130 368 141 47  59  175 296 62  245 138 386 125 6   335 343 235 316 211 213 266 65  127 51  84  291 379 107 225 96  199 235 337 305 290 25  301 205 26  99  120 280 109 316 301 221 322 69  266 192 332 267 207 123 77  81  157 344 95  157
63  395 79  224 185 62  146 101 18  34  141 204 309 382 12  359 26  303 196 265 182 22  337 296 100 340 248 318 243 342 189 18  15  118 154 110 291 153 161 332 103 262 114 325 387 105 249 171 156 51  4   254 238 19  287 280 14  223 261 222 12  287 165 287 321 393 260 98  101 252 79  34  309 102 15  113 163 196 250 398 5   227 273 366 46  140 233 385 96  187 301 66  359 92  77  185 87  364 344 117
59  303 399 187 150 113 399 228 387 280 340 304 192 53  394 107 95  386 45  259 352 294 358 310 133 365 310 140 95  181 292 25  100 54  157 360 53  50  246 46  183 185 117 335 230 314 252 181 133 384 398 239 329 154 16  264 324 161 8   275 128 214 120 41  16  27  189 248 255 396 31  171 239 235 234 191 332 368 10  395 31  255 348 111 394 233 250 236 182 43  210 105 376 347 280 228 255 94  232 2  
22  189 171 311 298 209 4   325 122 339 274 243 388 372 122 275 81  283 336 353 164 252 270 78  182 82  194 214 304 126 79  211 66  15  227 307 181 199 375 200 298 300 5   269 30  78  51  65  34  166 303 282 126 70  394 179 265 71  223 193 191 71  218 181 126 228 10  75  26  211 261 46  221 100 281 390 336 91  258 209 295 170 302 358 73  315 31  314 119 207 44  32  46  135 347 192 73  372 138 251
386 6   158 125 56  230 35  191 125 92  179 89  245 286 338 368 93  82  303 120 196 253 359 12  391 44  352 45  187 224 235 325 186 177 388 8   347 110 221 120 214 279 138 151 39  22  280 197 47  30  310 78  295 314 387 123 33  309 349 197 328 150 75  287 292 343 308 23  360 382 346 188 220 82  69  85  77  267 180 241 8   295 117 156 53  77  202 150 352 6   242 269 90  72  53  297 50  158 5   109
185 37  140 244 87  73  296 166 345 394 133 281 253 11  361 210 372 110 388 5   251 171 71  133 129 281 209 204 38  258 351 343 190 19  332 316 331 327 52  155 204 77  310 96  221 104 254 38  48  231 219 138 341 320 127 397 173 135 376 113 268 125 384 295 217 167 270 141 351 262 358 100 226 14  363 357 87  253 286 17  175 379 317 141 15  331 372 64  170 214 332 245 119 128 288 247 312 2   65  0  
263 360 171 131 42  353 96  179 397 380 55  50  89  219 43  263 394 378 165 129 272 345 122 60  202 245 175 131 219 288 318 322 295 35  138 383 359 307 81  119 214 61  250 355 180 16  172 41  271 286 159 140 18  6   192 106 46  395 62  145 223 242 212 363 246 358 360 201 22  91  130 107 343 96  384 46  216 83  233 76  29  238 326 306 69  74  197 121 224 398 226 54  387 273 312 32  127 183 108 34 
323 358 148 334 141 35  277 35  63  396 55  268 387 193 268 228 226 188 138 172 391 323 124 36  340 36  394 176 261 20  362 106 319 242 262 131 285 201 299 285 148 10  66  388 255 158 342 103 26  227 109 295 294 370 212 355 79  195 62  16  367 176 290 227 108 184 31  369 151 322 188 195 29  2   47  188 25  32  16  164 90  389 223 112 219 75  391 274 388 396 232 130 77  56  346 209 42  153 231 142
389 177 290 131 120 181 194 215 207 205 255 2   48  364 32  74  131 39  303 243 95  183 379 23  268 263 139 5   317 187 24  233 157 225 147 62  100 105 181 201 201 135 389 107 4   86  91  318 135 240 255 257 289 270 282 162 66  208 220 165 353 254 166 369 219 295 322 276 277 192 163 62  11  371 143 37  189 211 322 181 220 288 284 147 276 160 123 281 292 46  269 309 352 245 150 391 33  39  242 318
189 368 287 27  65  375 270 80  165 231 140 151 142 397 71  177 349 399 113 374 257 95  302 205 118 299 300 118 257 65  20  325 253 262 275 274 185 40  149 167 286 229 342 398 53  329 299 115 345 223 306 94  356 69  169 22  50  40  125 33  210 276 364 204 13  37  133 97  262 201 149 146 307 289 117 59  396 308 324 382 162 38  114 106 363 73  129 83  65  373 317 367 381 15  143 298 322 188 382 176
216 14  23  206 310 105 383 99  128 186 110 50  13  327 75  225 286 132 134 91  261 164 40  368 289 264 345 105 250 309 213 123 304 219 94  77  278 149 177 356 12  344 365 270 36  222 176 243 314 386 49  0   211 371 62  233 298 132 144 134 201 303 111 331 298 244 265 94  351 20  90  33  229 129 278 250 106 147 178 145 391 321 152 27  13  222 133 383 10  33  105 97  284 173 292 257 93  198 88  203
297 55  50  190 85  311 377 288 315 185 13  36  274 83  309 230 145 134 81  94  37  271 245 260 7   231 88  273 118 273 171 50  317 12  213 70  45  221 74  375 136 226 311 279 124 66  135 323 284 372 19  30  313 74  234 365 99  344 59  153 349 363 213 294 128 294 345 76  126 43  280 216 145 306 51  179 64  27  89  216 193 210 75  205 122 337 324 392 168 108 204 86  271 150 287 29  168 110 343 263
294 105 149 393 237 10  336 327 9   177 233 110 245 24  335 280 61  319 238 34  254 378 144 35  184 74  205 296 148 208 172 183 283 310 263 51  165 342 113 324 177 349 328 168 111 135 321 185 289 249 340 181 211 91  20  260 302 110 201 187 388 132 200 189 10  160 352 111 267 349 56  284 143 307 110 64  58  379 79  16  66  155 295 91  242 34  143 44  218 281 296 175 5   159 80  145 97  261 213 114
322 29  147 348 242 379 36  203 25  250 187 56  391 264 327 223 217 79  243 308 341 65  14  58  113 188 235 346 104 66  55  192 272 120 276 314 314 274 313 149 168 93  282 40  357 119 226 299 35  83  123 247 225 330 173 157 325 15  16  242 19  27  215 2   287 378 69  10  19  325 26  206 300 108 8   177 117 218 129 132 170 269 10  322 386 196 268 165 242 193 185 205 319 130 293 22  136 98  343 52 
211 260 71  333 177 258 138 114 311 293 398 233 96  398 292 24  242 82  330 221 54  63  399 51  388 303 155 238 104 35  80  58  91  109 273 69  257 164 388 46  250 205 171 329 23  340 0   122 292 37  1   99  110 297 235 342 256 221 189 278 159 213 279 140 3   4   255 242 277 394 138 88  32  320 351 282 201 17  39  231 243 396 9   125 387 150 79  362 166 106 256 137 374 118 2   123 123 288 393 151
55  128 379 390 6   255 269 209 201 142 316 188 255 9   18  167 329 41  34  91  391 69  22  119 323 326 105 374 194 246 37  300 179 223 254 140 105 129 41  249 31  125 120 309 33  86  116 97  210 148 106 379 151 308 102 315 223 161 383 93  198 362 332 239 2   99  85  38  70  95  106 192 148 21  169 7   388 374 135 356 7   342 269 246 33  249 45  65  168 37  13  373 211 169 320 277 325 322 282 294
179 299 214 61  319 75  367 164 236 160 269 130 107 330 164 51  178 298 380 108 371 60  369 150 273 363 12  186 392 261 59  87  104 3   125 119 48  57  326 89  109 86  205 97  251 124 154 119 55  174 255 25  97  165 325 305 398 242 6   33  60  364 198 34  355 190 143 381 321 179 84  254 62  257 18  285 31  306 390 206 99  373 181 34  122 217 171 26  206 224 355 273 3   247 327 252 242 61  343 355
233 336 4   129 58  242 261 95  268 309 255 302 183 201 117 33  347 244 25  68  50  364 295 310 311 155 33  43  4   363 23  388 92  163 215 87  268 115 5   237 324 63  312 10  358 8   274 175 122 393 381 218 3   75  77  107 362 241 333 368 167 75  339 254 73  145 272 167 372 70  370 300 148 350 17  149 197 190 304 245 338 21  29  133 145 336 52  381 89  326 206 1   358 3   91  273 370 267 370 265
126 160 19  197 103 46  375 156 114 338 386 348 395 17  313 365 263 321 16  93  243 358 76  39  350 235 142 289 388 224 43  275 213 37  389 8   265 359 153 27  191 206 71  106 142 361 162 326 29  75  231 365 397 187 23  102 45  215 13  379 236 366 38  315 227 385 73  82  234 214 193 77  307 142 301 348 161 255 198 104 55  302 307 206 141 395 363 235 144 349 94  382 377 67  110 95  304 323 316 220
205 271 82  372 191 165 364 312 161 287 314 180 288 170 4   267 42  53  387 347 320 170 146 358 8   191 195 105 289 129 345 204 303 255 330 23  118 12  171 106 19  205 7   161 144 134 395 371 133 293 134 380 350 331 348 182 73  45  335 272 74  342 305 246 0   324 150 204 71  42  24  198 315 242 80  54  217 327 374 326 171 104 37  253 273 226 316 264 19  26  216 325 10  176 101 193 267 341 225 94 
326 55  297 60  21  157 246 137 297 56  95  100 219 302 254 253 386 129 191 102 75  291 165 68  206 150 155 123 285 165 15  197 190 304 83  165 108 144 180 204 380 327 208 204 146 390 57  102 366 370 331 359 174 135 30  211 298 160 0   258 46  224 159 348 115 54  153 319 30  90  127 247 81  74  190 160 124 180 187 80  18  334 88  31  232 362 43  145 116 242 168 281 56  77  273 175 246 272 370 113
18  262 26  74  329 2   278 114 373 195 392 354 218 234 142 396 308 350 97  336 135 166 14  49  77  92  139 265 181 222 231 397 158 225 301 394 246 177 289 286 390 187 307 88  378 23  120 389 222 293 388 13  72  283 11  116 170 384 11  66  192 198 286 267 230 58  381 21  221 60  311 226 208 166 329 341 276 361 121 81  237 245 354 213 309 7   383 126 238 377 161 224 85  125 369 40  308 370 67  278
275 46  273 9   300 113 322 26  343 148 207 359 383 391 102 168 186 56  160 252 193 205 200 399 293 213 380 128 356 362 330 356 299 311 296 260 15  60  29  150 311 155 132 58  292 130 397 344 65  127 100 22  344 74  266 79  147 369 226 350 159 6   67  393 160 36  293 25  154 145 177 348 397 132 396 111 180 195 260 15  88  66  397 238 107 77  159 315 30  127 193 294 77  188 146 290 298 100 208 275
163 246 123 322 216 9   131 15  28  57  343 393 311 36  26  180 41  301 271 144 4   101 54  132 333 358 339 62  316 361 129 46  301 64  296 193 365 254 137 285 185 289 220 180 344 175 187 300 146 316 366 366 255 231 37  316 270 320 10  376 307 189 230 300 380 202 381 261 74  383 221 121 303 361 381 266 347 102 6   345 315 87  289 145 299 221 56  180 210 337 21  306 205 185 348 11  21  21  104 399
164 175 391 305 397 382 52  172 246 393 144 65  208 23  366 173 125 19  369 89  92  296 335 10  211 290 188 123 64  206 330 82  33  296 185 107 232 202 367 348 287 69  130 5   246 351 40  260 366 328 227 14  236 231 90  116 264 305 149 36  78  261 250 71  139 92  244 318 224 359 131 118 68  57  57  283 399 169 251 327 212 47  80  263 258 165 313 54  85  133 159 324 282 190 64  16  140 210 58  386
271 58  325 329 39  212 168 284 278 393 247 306 307 69  167 273 289 43  127 37  160 357 87  69  398 318 267 310 239 129 99  33  163 352 27  344 264 391 226 77  373 378 379 335 199 117 180 309 224 31  262 387 289 128 391 314 336 352 37  168 382 108 69  234 240 174 192 14  24  399 284 210 182 125 25  112 37  172 156 49  30  304 63  288 243 332 371 388 354 337 118 346 182 39  80  133 103 105 385 198
58  106 396 59  132 279 285 160 129 8   324 141 383 171 316 63  185 234 29  56  14  276 223 200 225 111 257 81  278 79  297 335 67  232 351 12  369 44  5   292 235 255 313 344 201 371 144 295 251 251 201 86  4   36  294 181 233 124 128 362 228 75  5   271 103 22  315 169 179 195 201 150 21  72  333 14  251 74  302 94  125 340 190 174 227 20  121 156 50  336 243 229 49  317 198 2   146 288 320 177
275 322 166 312 303 352 304 53  129 12  34  107 131 187 107 303 15  353 305 230 154 162 234 34  202 313 318 30  3   70  279 148 352 72  297 80  281 205 51  203 92  290 270 280 135 19  138 104 265 184 152 238 133 361 309 243 188 224 248 257 276 395 319 122 186 365 392 0   257 3   65  136 181 266 385 150 367 7   14  352 120 391 139 341 197 328 73  136 16  284 359 331 134 383 194 376 380 377 48  317
288 113 275 197 53  311 71  338 389 85  168 302 315 278 15  161 117 14  326 388 287 251 284 325 388 209 246 298 325 154 336 137 164 149 325 194 67  0   73  212 354 344 143 315 70  297 89  354 183 34  230 243 258 25  156 378 170 183 341 376 66  395 271 126 304 189 149 40  224 22  187 12  154 106 190 248 38  391 163 122 244 90  313 219 136 341 121 8   278 195 117 86  47  83  8   109 82  179 386 154
239 40  135 176 329 250 168 380 313 369 394 244 237 107 284 358 144 182 346 312 282 298 151 250 131 12  100 105 242 339 165 268 68  270 241 2   67  19  158 281 397 304 91  16  315 161 243 77  74  178 233 373 100 242 122 107 234 170 323 298 389 51  294 358 266 296 249 78  318 177 275 78  37  227 0   122 341 106 177 10  292 336 25  11  39  70  10  221 172 24  42  233 32  282 242 223 323 396 395 233
15  297 114 355 288 249 110 3   3   191 198 69  333 340 185 299 183 312 298 289 116 266 106 7   163 171 203 285 221 312 18  35  364 85  325 300 268 215 158 295 237 78  85  75  90  30  129 148 371 299 124 28  182 153 351 112 111 120 213 315 136 382 272 103 221 385 237 58  227 388 302 227 369 24  19  147 53  354 220 89  183 34  161 71  215 346 140 182 292 191 388 181 13  201 211 252 236 20  121 247
379 113 356 147 148 197 219 37  31  343 265 99  107 136 337 65  69  15  143 396 75  248 213 212 242 390 23  297 326 231 241 114 254 258 272 364 9   346 83  147 44  37  162 184 228 324 165 329 3   301 351 42  53  372 295 150 262 26  294 322 382 120 168 44  326 273 24  150 208 181 122 259 33  240 272 159 298 221 306 33  99  135 362 266 359 200 173 366 297 175 71  234 280 144 151 313 246 248 67  97 
341 25  245 286 59  130 297 40  250 308 357 149 391 233 355 370 341 43  133 81  85  283 265 344 384 70  394 391 31  77  364 366 285 191 160 18  109 209 380 89  173 265 342 393 317 32  219 76  366 341 299 315 262 349 214 146 380 311 61  301 272 369 57  229 297 191 235 380 30  87  359 87  132 1   261 294 54  41  206 112 206 95  71  35  15  274 246 350 83  324 92  3   33  225 348 321 60  118 198 124
235 226 382 316 249 172 8   23  399 242 182 264 209 49  7   106 123 326 24  397 208 148 25  10  44  288 243 354 266 51  293 188 330 2   10  39  31  301 225 204 214 340 310 26  123 269 217 320 74  90  114 351 129 125 213 77  150 196 198 284 159 278 37  370 216 284 56  335 36  252 275 322 142 302 330 240 0   75  77  264 336 382 21  175 355 122 220 341 331 89  252 334 253 154 345 298 355 184 314 48 
50  38  194 22  392 346 385 27  168 253 134 350 134 113 93  252 296 202 211 349 167 80  338 213 119 114 349 295 189 255 85  94  270 251 307 376 10  142 181 4   242 264 342 294 385 101 236 151 180 207 348 211 254 146 277 394 272 260 126 27  398 34  390 127 95  112 147 89  139 347 233 217 297 395 252 142 307 225 50  121 326 355 170 106 289 129 379 122 342 375 311 372 151 166 9   318 187 23  365 171
43  363 121 191 357 173 362 40  284 256 360 136 89  134 99  197 2   304 393 72  261 1   10  273 180 110 327 345 33  289 7   48  379 132 90  192 84  314 189 167 265 164 135 393 206 175 280 99  94  392 47  300 65  202 318 204 130 111 337 101 182 333 13  283 14  258 67  80  99  213 71  87  326 323 61  269 393 92  242 46  130 309 272 318 8   371 363 324 165 79  313 177 17  207 308 36  273 218 58  303
175 313 199 304 315 112 262 91  376 179 228 230 228 264 85  34  19  3   393 123 62  9   68  238 274 195 114 108 179 156 64  19  157 188 124 158 95  364 95  47  220 85  398 105 81  34  379 221 200 41  368 77  347 40  178 9   371 233 65  20  58  135 98  313 159 266 44  51  28  46  314 56  353 317 49  263 399 57  162 374 87  330 392 207 87  299 294 247 161 238 246 62  82  77  188 73  264 314 103 177
18  65  388 192 316 187 178 62  53  45  195 345 393 285 43  103 360 43  297 341 191 332 238 240 257 242 299 268 23  262 216 375 174 28  364 388 50  309 381 47  378 183 101 123 49  204 226 146 204 20  219 270 338 218 322 2   298 80  361 18  271 287 6   332 316 292 195 0   339 260 143 189 153 175 199 388 54  281 30  259 37  50  151 82  0   283 286 154 167 257 345 82  291 365 227 304 58  256 22  97 
124 100 263 360 294 284 15  181 92  231 149 37  358 53  0   380 14  182 266 60  20  137 365 266 39  44  260 394 120 348 181 124 173 241 303 6   333 177 120 1   67  113 366 282 166 190 1   375 33  231 326 350 225 379 66  327 237 389 35  359 354 342 240 286 149 166 315 313 24  318 32  323 211 91  299 101 89  230 236 269 314 150 109 303 261 375 109 80  298 151 215 277 132 125 61  185 214 76  361 32 
302 384 340 142 231 150 83  58  25  220 369 149 153 247 353 39  3   91  359 86  50  38  326 311 141 272 364 136 249 370 138 265 113 237 231 3   36  123 189 240 9   221 364 124 157 165 269 47  49  233 58  105 301 46  377 30  235 151 392 307 202 120 3   46  221 154 232 144 230 132 194 170 201 320 65  122 368 324 314 15  115 369 330 4   120 120 26  381 53  363 63  155 274 31  228 329 150 133 9   289
73  216 34  383 189 379 218 336 322 201 260 149 242 147 127 125 52  58  284 104 281 23  286 200 239 141 180 89  271 98  1   253 142 392 351 150 217 344 40  33  393 274 127 106 248 58  184 229 182 175 256 90  207 385 5   295 131 145 32  189 141 356 185 101 397 294 107 266 199 393 220 259 330 7   269 88  78  97  52  69  374 205 168 254 74  251 376 313 177 269 297 343 325 342 353 261 138 189 182 176
273 323 199 390 265 337 169 332 1   291 212 95  353 398 131 251 177 194 149 321 13  274 202 166 292 265 53  117 383 296 262 185 194 114 368 305 66  70  85  394 272 138 202 208 353 9   359 31  324 141 95  3   370 169 82  364 164 306 221 337 263 4   252 130 265 68  50  245 269 272 323 360 234 259 239 310 235 297 98  334 223 165 133 126 69  146 200 156 367 313 171 209 160 286 22  158 178 4   209 139
40  176 82  67  374 60  361 185 350 306 332 47  57  221 314 131 168 42  158 231 300 213 21  138 113 389 31  218 93  154 341 127 17  81  270 39  143 15  329 289 333 294 208 336 107 137 336 211 66  144 28  260 74  179 93  152 97  158 194 132 85  32  131 373 131 246 266 116 113 172 106 302 350 307 122 274 243 36  145 340 301 47  37  356 128 53  110 226 10  157 104 260 354 138 164 146 328 136 144 145
94  199 25  337 314 179 138 354 89  21  298 262 10  390 269 155 106 286 179 207 379 232 307 225 399 305 200 116 64  180 179 111 250 64  197 184 24  387 276 224 173 247 154 85  207 150 387 345 145 219 105 141 170 13  46  287 320 246 106 199 322 273 217 305 307 257 296 69  142 56  316 82  232 30  0   1   238 35  326 288 231 211 362 202 224 208 149 164 266 301 289 339 170 333 320 232 31  2   233 399
315 217 394 235 225 257 62  171 32  174 63  126 67  137 116 324 125 395 393 121 133 80  56  379 57  53  285 180 17  83  366 271 318 254 226 81  42  242 115 301 240 274 312 197 386 0   103 126 276 201 196 365 166 101 95  282 249 40  303 359 155 48  65  66  20  399 353 366 94  205 12  220 190 291 13  313 138 320 196 221 392 73  374 185 49  117 251 112 256 94  75  201 141 132 65  235 144 1   243 160
214 125 13  156 169 4   301 77  131 379 304 142 42  196 71  379 188 218 284 176 179 53  204 120 97  199 79  179 397 150 295 224 29  142 255 117 111 74  74  134 368 212 41  393 274 72  195 399 340 23  40  41  306 93  374 263 289 194 0   55  13  57  251 95  271 288 124 237 23  310 394 396 179 2   87  60  342 154 107 112 354 169 270 126 17  175 228 367 88  127 81  329 112 43  47  110 113 165 161 22 
37  146 390 80  188 341 106 131 330 249 347 237 352 389 119 280 142 135 157 240 29  122 64  182 247 49  354 316 204 20  161 34  171 273 15  13  176 341 143 31  96  248 84  100 83  381 229 60  350 178 280 99  136 72  41  282 378 28  178 291 292 59  318 274 131 78  322 133 13  202 25  227 224 211 226 32  213 283 212 80  178 89  306 349 190 385 137 381 280 112 70  146 267 224 377 237 214 141 282 80 
278 130 108 147 23  104 3   31  323 140 193 392 123 61  195 153 334 225 0   25  192 398 358 186 28  161 224 72  265 362 115 21  26  396 18  171 81  325 133 113 188 369 37  137 14  65  200 263 131 290 115 303 379 165 199 68  52  10  185 364 160 78  41  223 39  300 238 1   77  72  372 201 234 138 208 236 10  103 98  208 94  287 214 329 363 88  87  106 328 245 108 119 66  268 42  23  84  27  145 16 
218 336 18  178 363 77  304 90  242 374 26  346 24  312 282 300 239 36  117 223 372 268 339 294 232 237 192 229 269 238 12  244 391 249 386 199 107 176 193 290 176 218 165 53  198 305 16  375 60  380 130 296 198 268 143 138 107 75  257 379 302 56  367 95  76  58  126 236 107 228 306 25  300 295 305 339 398 41  28  44  358 370 335 113 287 353 229 370 62  150 335 300 73  309 47  344 335 324 103 53 
261 160 170 291 26  348 324 181 310 187 50  28  375 129 347 154 62  252 246 230 135 223 91  261 274 280 313 296 126 385 332 14  245 24  378 48  196 240 252 155 84  357 70  80  208 247 69  294 350 30  36  122 166 244 206 369 19  263 361 17  352 123 92  391 181 333 318 358 131 47  310 167 292 225 230 328 189 309 43  357 48  189 254 371 220 191 285 157 42  33  299 173 69  342 388 91  190 10  276 103
300 62  70  332 90  254 300 44  300 210 234 380 306 370 331 86  160 41  71  186 142 134 299 131 295 115 55  348 59  167 155 73  281 102 259 4   41  90  1   387 278 21  271 181 337 37  314 367 310 222 70  310 363 206 153 235 260 105 38  357 331 46  95  254 226 376 246 204 183 93  166 126 346 388 43  217 228 111 356 257 110 276 254 21  256 219 21  208 88  132 387 234 5   98  358 91  123 91  88  249
26  56  201 290 48  153 76  250 116 7   132 386 177 332 229 346 216 170 209 96  14  48  191 38  193 269 65  193 10  394 155 283 333 146 100 17  32  398 58  98  271 219 301 0   98  75  201 290 158 26  135 25  75  111 274 200 183 234 41  238 46  44  28  349 135 5   218 150 144 380 152 20  388 190 136 270 49  97  170 19  165 257 87  357 222 350 358 373 368 70  119 188 289 390 340 81  297 247 289 34 
193 243 27  311 220 359 393 362 220 220 228 180 47  150 170 19  338 237 142 92  185 117 238 47  283 205 135 119 223 386 203 147 53  17  15  222 257 193 132 2   339 263 0   202 15  331 305 221 276 78  353 318 43  100 19  299 78  349 259 233 152 350 84  167 182 281 243 207 281 90  384 7   354 6   367 54  399 376 45  344 293 221 103 288 90  57  84  11  235 339 153 389 304 69  185 138 79  18  3   107
297 321 394 167 228 303 42  136 285 110 132 376 45  230 297 345 2   2   381 44  118 185 170 333 225 294 148 322 189 323 337 370 151 242 253 329 3   69  105 121 197 384 72  123 265 62  101 144 214 220 4   395 172 294 182 158 163 347 310 187 196 137 187 300 222 36  69  216 302 18  383 13  205 109 227 317 253 350 130 336 6   129 125 130 367 367 1   336 348 291 227 220 278 392 393 320 192 167 323 358
75  186 259 324 116 19  266 136 321 12  179 147 154 291 120 303 128 61  92  238 194 215 1   326 278 156 322 143 286 198 213 398 73  114 224 317 360 219 3   106 14  72  103 149 124 148 289 364 200 273 198 318 386 66  127 320 296 284 258 315 322 326 262 57  103 139 355 96  305 19  368 361 397 9   123 339 259 242 373 371 119 145 120 118 144 174 13  164 22  230 240 284 292 280 19  65  377 46  28  222
325 150 374 109 250 86  36  47  182 232 238 69  336 297 262 254 300 296 230 293 243 329 50  135 287 386 81  100 2   208 207 249 397 398 192 62  193 250 259 349 332 91  275 343 291 172 222 318 297 291 350 386 229 203 245 80  373 334 160 146 135 273 87  248 73  334 93  344 209 95  76  12  149 143 354 114 380 171 30  236 37  135 44  329 230 124 18  253 245 274 212 268 159 288 129 235 94  146 282 310
247 295 296 300 316 215 231 212 263 49  326 352 85  375 172 358 128 219 245 305 71  347 257 262 0   40  221 41  25  89  195 348 355 273 129 112 128 351 275 305 296 286 13  2   186 251 370 387 189 297 63  21  290 388 36  159 79  138 336 146 205 273 326 74  200 205 227 270 255 156 351 96  262 41  33  81  255 136 19  352 94  258 354 117 21  140 259 95  205 260 321 361 226 211 32  384 189 79  294 369
262 82  354 31  96  276 11  273 314 178 77  166 179 235 325 187 126 279 75  356 314 79  45  26  45  28  209 84  144 118 33  330 328 95  173 148 125 277 183 25  238 137 192 0   293 13  42  344 70  225 212 223 350 353 100 209 45  372 270 343 189 46  361 331 322 31  15  264 293 327 128 123 129 375 244 281 270 151 335 349 25  87  130 30  64  264 8   383 281 125 131 373 221 63  152 130 88  129 324 373
117 252 312 320 314 395 259 211 361 159 289 230 317 353 131 30  40  148 188 311 171 211 120 345 22  225 11  338 178 3   364 308 370 330 135 211 89  69  170 23  256 296 377 278 345 323 289 103 120 346 293 264 136 319 163 202 174 134 299 68  115 243 298 341 314 173 82  253 210 104 64  345 215 171 272 78  12  45  228 291 256 356 168 87  141 58  329 373 381 171 110 381 42  129 81  0   141 16  76  352
253 141 68  269 354 73  178 244 164 297 333 27  295 54  335 107 66  87  295 210 38  305 170 164 314 33  157 93  336 254 319 288 6   241 189 230 177 85  160 226 35  132 249 139 398 100 186 97  303 295 375 83  224 218 373 7   332 304 237 52  384 143 348 246 74  17  201 262 355 172 28  278 48  163 286 339 49  244 316 230 242 54  388 140 364 369 322 293 394 27  294 88  33  316 215 69  99  394 71  30 
71  51  5   218 264 338 322 243 315 246 103 245 158 391 59  327 28  79  172 136 107 256 162 63  358 296 363 91  48  309 209 12  82  163 189 128 81  41  395 95  379 122 71  35  324 311 17  52  151 115 365 102 322 272 67  41  62  163 302 337 326 354 255 137 351 244 275 226 129 33  271 273 30  122 313 211 269 182 9   310 184 72  104 383 130 61  304 158 234 180 157 223 265 357 398 200 96  82  19  355
192 63  77  368 151 163 231 176 97  32  315 241 10  10  195 294 77  256 389 392 78  223 36  103 323 135 223 353 187 32  309 377 205 238 221 204 344 366 285 363 184 160 361 367 85  181 208 164 240 56  91  317 216 62  79  158 39  198 107 4   257 326 323 104 310 131 293 244 295 204 199 281 107 171 70  176 209 384 175 282 161 136 196 295 347 26  223 361 322 363 20  134 209 356 225 233 145 204 342 9  
110 265 335 369 287 150 239 109 153 184 251 322 153 123 141 95  62  343 68  109 364 104 249 170 270 346 44  315 208 306 182 228 273 187 280 124 191 42  249 118 391 49  89  110 51  65  116 304 2   262 191 166 395 297 89  399 110 297 103 123 201 193 1   35  269 169 340 182 142 0   346 326 349 281 361 29  268 18  376 58  183 167 394 57  115 99  316 290 78  311 236 5   191 114 122 373 239 238 290 317
90  350 259 353 128 84  184 80  56  232 397 290 165 180 93  113 300 394 179 283 288 252 29  15  289 243 215 208 360 346 65  262 239 311 9   96  378 158 391 212 233 184 214 47  121 269 247 205 291 226 329 398 308 313 391 213 286 31  321 228 76  373 237 112 9   55  112 308 173 239 174 287 32  173 45  296 136 35  174 267 190 239 118 383 267 120 151 306 172 372 388 134 248 285 90  376 228 243 168 88 
365 333 387 225 373 151 178 43  386 291 115 174 308 221 357 255 48  194 324 201 248 271 186 219 54  372 191 103 78  44  385 313 168 315 305 170 176 259 76  270 192 129 390 313 83  210 231 141 50  78  51  284 160 23  361 253 251 302 49  182 126 137 296 244 29  205 334 6   342 155 195 398 164 289 254 301 269 13  81  399 244 281 64  61  348 9   90  13  281 118 24  113 100 386 5   45  160 367 46  170
90  157 334 225 308 356 55  305 87  125 201 288 170 201 228 63  112 304 307 360 357 373 149 157 293 238 171 115 296 19  47  295 316 291 271 379 164 190 79  251 160 192 70  204 24  0   44  124 303 364 311 52  123 279 195 41  50  326 10  282 222 326 33  43  311 79  70  239 209 109 391 368 184 115 52  252 49  135 101 390 240 147 148 248 164 311 279 205 11  164 160 293 122 149 257 109 216 254 53  1  
136 327 302 153 230 277 32  373 52  134 345 187 106 285 302 39  34  205 346 179 45  231 318 318 384 210 75  211 364 239 218 162 283 9   339 247 107 250 40  334 109 66  247 208 8   390 102 395 364 142 183 172 182 335 303 84  381 292 304 58  237 102 188 151 8   354 291 193 158 253 224 158 374 73  126 6   74  296 75  398 153 225 15  32  111 269 326 38  33  115 52  242 212 377 49  96  159 260 276 50 
208 216 63  48  331 92  229 85  167 352 58  41  28  374 16  224 131 172 248 224 127 138 149 98  166 86  166 69  188 112 202 14  260 397 85  269 177 119 96  212 304 169 59  80  378 382 64  108 20  46  177 199 137 169 284 269 38  96  237 271 386 15  25  352 214 364 99  140 255 168 87  178 378 150 122 105 352 40  167 357 399 155 322 210 139 82  90  204 390 374 395 166 14  142 286 366 40  177 332 389
218 210 120 398 215 296 383 216 248 20  161 70  371 211 289 301 50  104 329 50  346 216 138 74  43  174 60  69  345 198 138 235 115 219 313 395 54  266 158 49  94  324 246 289 310 234 359 217 242 360 177 211 108 396 107 230 208 377 175 256 71  141 266 17  144 235 235 81  180 341 202 279 203 79  211 36  321 250 239 392 44  273 28  216 301 8   334 312 116 181 35  125 181 334 108 32  125 147 391 52 
277 109 241 351 1   140 0   95  337 79  284 389 228 388 358 13  236 2   17  335 348 37  228 142 110 353 130 19  283 345 117 170 102 291 301 265 288 207 185 160 131 129 257 242 387 264 377 47  69  67  294 262 342 337 280 279 171 200 328 213 17  176 230 32  193 75  186 124 57  49  201 322 317 274 399 128 78  20  196 107 202 185 139 36  300 336 301 251 154 71  182 151 360 146 82  125 325 54  266 32 
196 246 351 88  393 1   303 387 371 67  388 204 201 100 187 43  164 296 107 238 219 133 360 241 270 166 126 169 237 88  377 46  109 398 398 37  385 232 214 49  113 315 31  35  113 244 67  113 294 340 110 391 154 241 1   211 353 32  236 267 111 338 381 157 272 82  52  225 31  214 97  317 236 381 131 368 244 259 277 325 302 150 274 189 393 223 183 202 170 67  125 326 22  260 25  201 107 20  119 34 
367 184 181 160 245 251 284 57  286 47  203 289 220 391 259 179 50  187 242 195 379 103 372 375 12  129 171 252 260 166 315 285 45  34  168 4   93  348 17  358 352 112 0   64  302 126 82  360 73  340 354 385 349 200 122 150 174 368 373 114 27  9   53  273 355 272 119 270 242 211 132 39  212 87  327 7   14  117 30  115 111 147 187 299 131 184 152 305 236 297 292 119 18  309 83  8   87  226 283 209
248 168 76  326 38  8   249 74  104 280 374 125 243 322 248 251 398 326 306 81  89  129 324 115 114 351 149 248 65  133 362 312 126 313 250 340 52  392 179 58  395 128 346 204 331 388 132 215 268 54  299 2   34  57  109 203 282 74  124 306 248 215 77  277 337 371 294 57  212 29  104 333 189 155 280 235 25  349 188 359 291 2   176 52  220 312 240 382 265 394 363 283 364 46  149 256 2   267 378 306
396 318 289 293 383 392 106 147 216 265 323 257 357 200 123 229 186 301 222 351 284 278 154 332 376 58  359 188 112 385 116 218 313 233 184 83  201 51  1   398 113 345 333 292 279 367 279 322 200 389 17  223 4   254 240 135 49  239 12  234 228 380 197 112 363 284 64  207 288 331 145 274 315 314 232 126 315 362 181 222 278 139 274 170 149 56  354 348 387 358 128 358 398 234 382 82  49  279 370 282
300 43  174 47  359 375 298 348 232 324 351 301 267 209 247 392 345 84  199 296 154 153 73  351 281 272 224 83  71  305 232 247 356 64  356 257 256 353 366 89  40  264 106 113 388 382 180 296 105 96  23  214 237 71  163 209 121 163 12  366 241 91  118 90  204 107 38  211 259 47  266 129 282 390 78  364 188 101 90  307 115 89  172 328 324 31  313 205 346 231 106 370 84  46  48  376 253 307 129 59 
306 297 31  273 208 335 327 101 238 249 235 192 345 315 126 63  107 221 90  203 213 8   91  333 35  313 269 123 289 153 360 58  339 228 8   66  142 393 371 342 113 313 0   190 17  340 222 350 170 23  201 44  104 120 366 176 275 242 59  51  385 275 229 206 140 31  200 342 168 132 190 225 288 17  318 346 273 288 124 149 372 245 109 156 130 145 357 268 108 376 187 80  375 287 33  350 1   237 185 354
190 108 17  305 103 92  196 128 37  371 89  372 278 293 392 362 375 140 292 5   251 170 0   281 66  189 238 322 21  291 397 315 30  306 187 80  277 50  41  338 42  296 319 200 275 349 43  122 140 269 254 149 55  398 207 225 340 242 15  85  22  21  70  352 334 69  57  385 246 366 217 0   267 172 82  211 22  204 301 331 103 157 85  89  181 11  311 282 219 228 125 40  304 87  387 170 163 168 138 113
116 334 264 86  286 368 317 17  181 158 340 147 10  64  384 391 211 57  270 126 187 67  81  238 231 16  150 48  285 220 373 367 228 48  102 226 296 166 246 150 354 83  48  376 308 211 342 231 233 36  284 114 301 192 316 232 299 58  124 282 228 296 99  342 346 86  334 131 88  23  31  68  332 59  326 317 198 342 331 152 71  5   337 74  87  194 103 348 32  179 392 14  138 134 290 74  378 3   53  170
393 319 137 366 357 192 143 382 110 56  38  359 114 42  113 89  127 162 150 94  118 315 101 167 381 254 71  34  334 100 119 370 138 179 0   160 293 80  270 70  73  273 343 363 235 120 100 48  101 171 215 62  281 216 269 114 218 327 93  387 148 9   252 320 116 195 58  364 3   148 208 55  341 351 300 72  149 169 302 349 313 319 230 337 12  270 346 273 43  40  190 255 380 33  263 280 208 131 56  226
114 274 77  264 140 281 331 278 54  23  298 51  297 56  371 298 1   141 231 200 38  235 108 146 59  124 77  194 71  273 261 209 69  227 382 259 370 36  196 75  316 374 379 173 94  203 352 142 39  158 5   326 78  194 45  315 171 82  14  381 50  182 148 272 390 311 321 136 345 247 277 221 75  145 294 22  344 45  216 352 243 224 327 174 155 51  279 381 200 253 122 256 307 7   185 155 302 113 315 269
